New remotes:
{"L1On": [282, 925, 281, 926, 884, 324, 880, 327, 880, 329, 273, 932, 275, 931, 277, 930, 278, 928, 278, 930, 880, 328, 273, 934, 275, 931, 275, 930, 279, 929, 881, 326, 277, 930, 277, 929, 880, 328, 275, 932, 878, 332, 873, 334, 870, 339, 867, 338, 263, 9798],
"L1Off": [286, 919, 288, 920, 890, 317, 888, 321, 885, 323, 280, 927, 282, 925, 282, 926, 282, 924, 282, 925, 884, 324, 277, 928, 280, 927, 282, 925, 281, 926, 885, 324, 280, 925, 282, 924, 884, 325, 279, 927, 880, 329, 876, 333, 874, 334, 269, 934, 271, 9792],
"L2On": [291, 916, 291, 915, 897, 311, 895, 313, 891, 316, 284, 923, 285, 922, 284, 923, 284, 921, 285, 923, 888, 319, 283, 923, 285, 922, 286, 921, 286, 921, 890, 318, 284, 922, 286, 922, 885, 322, 280, 926, 885, 323, 881, 326, 278, 930, 879, 324, 276, 9788],
"L2Off": [297, 910, 298, 908, 906, 302, 901, 308, 897, 311, 289, 918, 290, 917, 291, 916, 291, 918, 288, 918, 895, 314, 287, 919, 289, 916, 292, 915, 292, 915, 896, 312, 289, 918, 288, 918, 892, 317, 285, 921, 888, 320, 885, 323, 281, 926, 283, 921, 283, 9782],
"L3On": [292, 915, 291, 915, 895, 314, 890, 316, 889, 319, 283, 924, 284, 923, 284, 922, 286, 921, 287, 919, 890, 319, 282, 925, 284, 922, 284, 922, 284, 922, 888, 321, 281, 925, 284, 923, 887, 322, 283, 924, 885, 323, 280, 927, 882, 326, 879, 326, 274, 9790],
"L3Off": [297, 909, 298, 910, 903, 304, 899, 310, 895, 312, 290, 917, 290, 917, 289, 917, 290, 916, 292, 916, 893, 315, 287, 919, 290, 917, 291, 916, 290, 915, 895, 314, 287, 919, 288, 918, 892, 318, 284, 923, 887, 321, 283, 924, 886, 322, 283, 921, 282, 9784],
"L4On": [290, 917, 289, 916, 893, 316, 889, 319, 886, 322, 281, 924, 284, 923, 284, 923, 284, 921, 288, 920, 888, 321, 282, 925, 283, 925, 281, 924, 284, 922, 887, 322, 281, 925, 283, 924, 886, 322, 281, 925, 283, 925, 883, 324, 880, 330, 876, 327, 274, 9790],
"L4Off": [291, 917, 289, 917, 894, 315, 891, 318, 887, 320, 283, 923, 284, 923, 285, 922, 285, 922, 284, 923, 887, 322, 281, 925, 284, 923, 285, 923, 284, 922, 888, 321, 282, 923, 284, 923, 885, 324, 280, 925, 282, 926, 883, 324, 880, 329, 878, 327, 274, 9791],
"LAllOn": [304, 903, 304, 902, 914, 293, 910, 299, 904, 303, 295, 912, 296, 911, 296, 910, 296, 910, 298, 909, 902, 306, 294, 913, 295, 911, 297, 910, 296, 911, 901, 307, 292, 914, 295, 913, 897, 311, 289, 918, 290, 916, 293, 915, 896, 311, 289, 915, 291, 9776],
"LAllOff": [304, 904, 304, 903, 910, 299, 905, 303, 901, 307, 294, 912, 296, 910, 296, 910, 297, 911, 296, 911, 901, 308, 292, 913, 293, 913, 294, 913, 293, 914, 898, 310, 292, 914, 294, 913, 898, 310, 291, 916, 292, 915, 291, 915, 292, 915, 895, 309, 289, 9776]}

Old remotes:
{"L1Off": [294, 925, 902, 316, 904, 314, 296, 922, 296, 924, 295, 923, 904, 312, 904, 316, 295, 923, 904, 315, 902, 315, 903, 316, 902, 315, 902, 316, 903, 316, 292, 927, 292, 926, 901, 316, 294, 924, 294, 925, 294, 924, 903, 317, 902, 314, 903, 359, 250, 9657], "L4On": [297, 921, 906, 313, 906, 312, 297, 922, 298, 920, 299, 920, 907, 311, 906, 313, 297, 921, 906, 313, 904, 314, 904, 314, 905, 313, 905, 315, 904, 315, 294, 925, 294, 924, 904, 315, 295, 923, 296, 923, 905, 314, 903, 313, 904, 314, 296, 963, 256, 9656], "L1On": [293, 925, 902, 316, 902, 315, 294, 925, 294, 924, 294, 924, 902, 315, 904, 315, 294, 924, 903, 315, 902, 317, 901, 317, 900, 318, 902, 316, 902, 318, 290, 928, 291, 927, 901, 317, 292, 925, 294, 926, 901, 318, 900, 317, 902, 316, 902, 369, 240, 9658], "L2On": [295, 926, 903, 316, 901, 314, 299, 919, 301, 919, 300, 920, 906, 311, 906, 316, 294, 921, 906, 316, 901, 316, 902, 317, 905, 312, 906, 312, 905, 316, 291, 927, 293, 927, 900, 315, 293, 925, 294, 928, 900, 315, 298, 923, 905, 312, 905, 349, 257, 9660], "2off": [292, 895, 879, 307, 878, 309, 878, 309, 291, 896, 291, 895, 292, 894, 292, 896, 878, 309, 291, 895, 878, 309, 879, 309, 877, 309, 878, 308, 291, 897, 290, 895, 291, 896, 292, 895, 291, 895, 878, 310, 877, 309, 878, 308, 291, 896, 290, 893, 290, 9609], "L4Off": [301, 921, 906, 311, 905, 310, 303, 915, 304, 914, 305, 917, 910, 306, 911, 311, 297, 918, 911, 312, 905, 313, 904, 313, 909, 310, 908, 308, 908, 313, 295, 923, 296, 925, 902, 312, 297, 922, 297, 922, 296, 925, 903, 314, 909, 312, 296, 952, 266, 9654], "L3On": [293, 926, 902, 316, 904, 315, 295, 924, 295, 924, 295, 924, 904, 313, 903, 316, 294, 925, 903, 317, 901, 317, 901, 317, 904, 315, 902, 318, 901, 318, 291, 927, 290, 929, 900, 317, 293, 926, 293, 926, 902, 317, 901, 317, 291, 927, 901, 361, 250, 9661], "L2Off": [294, 926, 901, 316, 905, 315, 294, 924, 295, 924, 295, 925, 903, 314, 904, 314, 294, 926, 903, 316, 902, 316, 903, 316, 903, 316, 902, 317, 901, 317, 291, 927, 293, 928, 900, 317, 293, 926, 293, 926, 293, 926, 293, 925, 903, 318, 901, 368, 241, 9660], "L3Off": [294, 927, 901, 316, 902, 315, 298, 920, 299, 921, 299, 922, 906, 311, 906, 315, 293, 922, 906, 317, 900, 318, 900, 317, 905, 314, 904, 312, 905, 317, 291, 927, 293, 929, 899, 316, 291, 928, 293, 927, 292, 928, 899, 317, 296, 924, 904, 346, 261, 9663], "2on": [292, 894, 879, 307, 878, 308, 880, 307, 292, 895, 292, 895, 291, 895, 292, 894, 879, 308, 292, 895, 879, 309, 878, 308, 879, 308, 879, 307, 292, 895, 292, 895, 292, 895, 291, 895, 292, 894, 879, 308, 879, 308, 879, 308, 291, 895, 879, 305, 290, 9609], "LAllOff": [295, 925, 903, 314, 903, 312, 301, 918, 301, 918, 300, 921, 907, 309, 908, 312, 296, 919, 907, 315, 903, 314, 902, 316, 906, 312, 906, 311, 906, 315, 293, 925, 294, 926, 902, 314, 294, 925, 294, 925, 902, 313, 300, 920, 298, 919, 300, 971, 245, 9656]}
